00 00 00 00 00 00 00 00 00 00 00 00 00 00 00 00
00 00 00 00 00 00 00 00 00 00 00 00 00 00 00 00

03 02 04 06 04 06 05 02 03 03 04 06 03 06 02 07
05 03 05 04 05 05 05 05 05 05 02 03 04 06 04 05
06 06 05 06 06 05 05 06 06 04 05 05 05 06 06 06
06 06 05 05 06 06 06 06 06 05 05 03 07 03 04 05
03 05 05 05 05 05 04 05 05 03 04 04 02 06 05 05
05 05 04 05 04 05 05 06 05 05 05 04 02 04 05 00

00 00 00 00 00 00 00 00 00 00 00 00 00 00 00 00
00 00 00 00 00 00 00 00 00 00 00 00 00 00 00 00
00 00 00 00 00 00 00 00 00 00 00 00 00 00 00 00
00 00 00 00 00 00 00 00 00 00 00 00 00 00 00 00
00 00 00 00 00 00 00 00 00 00 00 00 00 00 00 00
00 00 00 00 00 00 00 00 00 00 00 00 00 00 00 00
00 00 00 00 00 00 00 00 00 00 00 00 00 00 00 00
00 00 00 00 00 00 00 00 00 00 00 00 00 00 00 00
